286392
359563
440556
464362
494922
581014
601193
698785
770365
900787
987311
1249315
1412158
1426714
1516510
1546123
1546124
1561110
1621413
1639384
1641882
1686814
1828513
1855932
1945387
1992816
2061963
2091298
2111707
2129638
2191144
2203790
2322421
2403771
2407234
2504891
2519690
2530830
2743001
2766877
2772236
2956282
2978414
3113836
3366982
3429238
3642509
3758046
3779662
3790062
3814632
3897065
3966653
3989465
4179255
4290468
4423206
4591250
4628897
4688231
4779823
4796100
5014629
5128859
5309481
5368615
5600127
5614808
6021033
6150044
6150045
6165656
6387204
6511113
6588580
6602300
6766208
6840573
6983839
7194917
7243511
7391448
7582066
7841112
8198620
8310162
8327462
8463720
8491961
8561192
8611007
8692301
8763963
8809344
9012916
9053187
9161357
9272381
9293977
9348522
9653271
9753964
9888196
9910360
10000030
10002346
10248389
10365322
10383554
10389142
10406322
10443957
10526791
10613952
10678778
10755984
10817524
10920352
10960419
11039171
11270236
11398059
11411223
11502550
11510448
11522979
11646785
11790356
11901678
12014404
12219047
12307878
12533811
12615446
12632096
12652643
12678870
12744567
12948099
12986807
13030280
13108445
13183454
13293158
13455674
13529466
13574687
13722870
13756293
13803864
13857930
13995824
14017402
14152862
14225239
14306092
14577226
14970113
15028680
15092394
15237615
15240238
15561463
15914410
15939229
16006416
16037007
16051717
16114248
16172067
16195942
16195943
16259549
16304628
16507828
16527176
16691074
17016362
17032740
17377751
17412721
17548456
17745969
17760003
17775525
17881964
17994645
18013090
18239909
18326736
18386170
18511599
18963306
18967507
19048328
19066538
19204398
19261966
19333131
19355597
19684740
19747827
19891310
19974580
20366274
20374351
20563387
20785975
21044178
21113684
21123811
21140872
21175632
21223277
21249921
21313376
21435914
21501505
21516908
21521304
21947653
22061412
22093873
22110647
22160245
22638495
22653490
22804644
22858242
23085002
23187256
23204029
23232295
23338098
23454876
23603403
23649496
23693634
23776077
23874409
23995346
23995347
23998625
24221808
24550676
24672164
24696097
24943456
25119460
25132288
25165047
25341652
25366484
25373678
25472513
25586143
25655502
25682811
25793414
25853045
25862681
25958491
26211048
26268488
26304459
26329679
26556950
26563200
26593852
26949946
27134689
27315304
27337596
27346636
27552504
27873305
28016193
28150174
28290705
28593363
28677304
28912357
29071332
29085954
29095552
29143726
29208536
29343734
29357956
29455728
29515122
29552709
29669359
29765339
29929832
29981921
30086349
30100551
30604579
30741334
30757127
30757396
30864377
31111109
31320433
31339260
31385077
31386180
31437713
31563350
31632536
31801517
31919988
31924889
32003338
32003339
32224143
32355828
32446630
32485271
32559361
32646477
32751480
32752319
32995007
33198837
33236860
33413279
33541430
33574806
33691040
33698022
33776843
33909817
33964637
33972299
34086406
34109611
34116027
34408491
34945480
35752363
35809262
35952884
36076683
36256625
36407615
36757171
36776089
36857073
36898537
36953371
37038993
37057012
37057743
37164373
37192109
37279508
37421579
37474917
37649320
37675907
37910722
37926346
37993923
38026562
38148100
38180759
38250531
38273745
38354937
38495396
39030163
39139935
39272762
39402797
39477584
39512984
39765958
39823987
39964797
39972129
39987164
40101111
40173854
40390147
40391316
40418351
40424929
40529384
40636712
40854197
40908371
41147577
41209827
41209828
41309158
41375811
41436536
41462083
41462084
41517789
41517968
41544074
42110604
42160203
42216237
42291297
42421606
42566602
42589641
42752141
42810973
43047672
43202238
43366227
43378048
43385557
43387895
43490025
43892408
43925870
43932460
44035031
44155002
44311445
44405066
44505297
44508094
44852429
45037489
45170821
45215453
45231177
45231178
45298492
45349196
45379225
45500495
45533023
45742626
45815891
46132282
46195773
46354113
46696593
46759931
46772449
46871387
46895036
47017574
47349116
47387961
47395382
47421985
47506081
47579719
47611119
47737087
47805931
48009503
48063985
48156348
48370501
48424886
48608796
48739166
48791583
48905153
48928529
48995978
48996569
49032236
49121795
49195710
49202331
49221191
49352945
49389523
49456901
49513164
49597193
49678559
49820233
49868263
50065971
50091196
50260683
50278554
50282757
50321796
50449881
50608164
50789693
50954680
51447164
51497409
51543904
51570882
51735257
51777272
51788412
51828629
51960178
52031567
52145422
52323874
52352005
52558805
52639377
52653092
52687916
52709508
53244294
53262004
53315891
53334641
53389254
53451824
53539634
53701457
53714009
53981499
54048462
54191698
54358015
54366836
54401832
54541900
54622031
54702678
54719828
54752875
55067058
55171412
55470553
55615891
55727845
55863245
55888045
55935416
56051086
56292140
56413937
56532353
56638325
56655675
56768355
56832966
56840427
56907389
56910167
57031794
57043117
57288064
57314798
57477163
57594700
57707471
58058134
58069384
58147549
58293343
58332301
58481572
58504745
58528964
58600555
58601383
58712976
58820923
58859575
58901502
59036972
59123194
59170782
59255742
59479050
59627393
59642500
59771339
59822133
59843383
59969392
60181553
60493189
60634565
60645181
60800381
60992105
60992364
61204971
61307542
61307543
61344030
62070231
62242678
62541668
62560742
62624486
62709239
62873545
63101919
63364266
63422098
63465535
63504681
63519819
63612442
63746411
63767246
64245689
64332231
64414267
64463828
64554883
64599569
64689404
64880894
65029288
65172015
65301952
65305468
65536818
65676461
65749035
65884091
65961683
66141736
66165755
66235877
66506689
66523544
66547759
66698383
66818682
66889139
66970002
66976526
67030233
67098114
67173574
67556500
67904682
67926903
67985943
68084557
68124775
68319538
68396121
68507541
68597372
68618157
68745629
68836428
69031175
69058960
69069911
69170557
69461394
69514125
69610924
69757518
69840739
69946549
70583986
70681994
70771599
70780151
70902743
70913714
71068247
71594310
71612253
71616908
71628381
71921856
72167543
72378329
72664875
72869010
72896720
72926163
72959823
73285669
73289035
73347079
73445448
73483491
73580471
73659078
73887236
73964868
74009824
74157028
74168099
74294676
74371660
74393852
74416224
74506079
74583607
74586817
74593218
74703140
74711057
74822425
74860293
74892653
75253697
75286621
75326861
75367227
75380687
75433814
75574498
75620895
75779210
75797046
75840616
75923050
75988594
75991898
76067258
76263644
76359406
76372778
76419637
76471944
76547525
76589815
76614340
76774528
76815942
76891401
76913983
77205367
77334267
77506119
77631175
77693536
77799846
78156759
78229193
78512663
78734254
79229522
79559912
79606837
79985120
80032567
80071763
80108118
80117527
80159717
80321197
80516007
80532587
80666118
80696379
80727036
80764541
80773359
80796456
80889750
81003500
81020646
81122844
81197327
81330115
81566151
81612598
81927732
81983656
82044279
82044280
82308875
82633039
82697249
82734805
82944432
82956492
83121692
83283063
83519853
83531441
83743222
83755611
83810690
83866861
83994433
84013237
84025439
84058253
84124261
84224627
84243274
84305651
84401683
84417082
84687358
84766279
84988419
85004150
85115440
85121942
85252081
85507811
85528209
85545073
85551711
85684223
85908279
85909450
86099788
86137485
86164529
86221741
86240887
86274272
86346643
86532744
86676862
86805855
86848580
86943389
87182127
87259077
87460579
87751584
87911394
88033975
88120966
88177324
88305705
88581108
88643579
88722973
88754763
88820235
88942504
89112729
89194103
89310929
89474727
89516305
89544521
89642993
89856523
89870349
90098780
90140980
90162951
90555947
90579153
90590303
90590304
90660762
90726340
90809975
90884403
90953320
90957527
91034681
91279700
91499077
91895091
91949988
91998119
91998120
91998121
92361635
92661479
92918648
93108839
93157004
93353691
93379652
93483212
93568288
93657021
93713837
93730230
94119480
94380860
94515289
94566432
94905343
94977269
95040215
95113856
95144193
95169481
95239444
95442074
95453143
95474755
95486586
95526884
95952802
95992081
96029574
96157835
96381979
96471335
96592102
96864105
97007933
97165977
97170107
97204936
97403510
97489701
97792247
97836203
98012938
98502113
98502114
98502115
98558751
98637386
98927491
99267150
99469936
99551425
99724761
99916754
