32864
62121
102380
126218
218704
242146
295517
296499
303660
403847
423705
425934
473469
549481
596051
759393
967928
980973
1082946
1102515
1184620
1248895
1347977
1434352
1435851
1525329
1557499
1571945
1669772
1689516
1761063
1781310
1784619
1801154
1804528
1918087
1965724
1995985
2118022
2130625
2134346
2204140
2311603
2314238
2326738
2356994
2370081
2460565
2468169
2483611
2671330
2694423
2792265
2819435
2833249
2851070
2863439
2903036
2926176
2964201
3027001
3055837
3056267
3078576
3134241
3136426
3149764
3170832
3493978
3510565
3549275
3573512
3627449
3643300
3682106
3773196
3797883
3810071
3819470
4031928
4035199
4041838
4042268
4081094
4149689
4178474
4179849
4206964
4259068
4266839
4335645
4542651
4614116
4732017
4849037
4861205
4869446
4896788
4920010
4929256
5053103
5257687
5265750
5318639
5371656
5388481
5405694
5434080
5464695
5494820
5556668
5616412
5628232
5703682
5758500
5818798
5901497
5990062
6103294
6104968
6133894
6285791
6297941
6343408
6390406
6733059
6740720
6850209
6967870
6979239
7019529
7089711
7165085
7180418
7359741
7369217
7489323
7512044
7562372
7565547
7572887
7625614
7802006
7805359
7892180
7902349
8034697
8124921
8131171
8201910
8251996
8471389
8508055
8581705
8628798
8634636
8687195
8715625
8794435
8842266
8951260
8964854
9074847
9076207
9156135
9159938
9264485
9373534
9596126
9603356
9633505
9637706
9744376
9786492
9817927
10012614
10035717
10069180
10071456
10189126
10202894
10209545
10248192
10262698
10352095
10375182
10485110
10509340
10538007
10755153
10809984
10979723
10992251
11021521
11091375
11224103
11321183
11324436
11384280
11448373
11548522
11549357
11743119
11760174
11761845
11813953
11868825
11961740
11987744
12057781
12143771
12160911
12181376
12183332
12206212
12253117
12470447
12472242
12482652
12503902
12580477
12600382
12607053
12800777
12883044
12923641
12953226
12965761
13026402
13039848
13179332
13215230
13386503
13409151
13429800
13522325
13532663
13599884
13604200
13626450
13676474
13723605
13944422
13945283
14015067
14037717
14087893
14141448
14261867
14291024
14318794
14391920
14531242
14618326
14644902
14851496
14878871
14898066
14898067
14977074
15013468
15023985
15025844
15052462
15083728
15090429
15150365
15259703
15259704
15270885
15303296
15383415
15401633
15480588
15653824
15717011
15734813
15800838
15866454
15960641
16135253
16222645
16226786
16227556
16255442
16268841
16353197
16392422
16430187
16435215
16469012
16475472
16509093
16556849
16587243
16589042
16762927
16768387
16899564
16956455
16970158
17078030
17092736
17185260
17192817
17214465
17358176
17375316
17444133
17449108
17535588
17597059
17653779
17655904
17658803
17814387
17985575
18036057
18144506
18144507
18161786
18190572
18246479
18318842
18378582
18590133
18591904
18605135
18654201
18710707
18807108
18807109
18891691
18937875
19086954
19153634
19159413
19230407
19230408
19252988
19312169
19384334
19406822
19523799
19612721
19613556
19827717
19847532
19877898
20060230
20065549
20188127
20228463
20277860
20374520
20394040
20436034
20522190
20624263
20644748
20721928
20721929
20727787
20765952
20781762
20831168
20858318
20871001
20939559
21015833
21051146
21070956
21219755
21237481
21263083
21297224
21323861
21340051
21347810
21417692
21466326
21558682
21593977
21597117
21598948
21770260
21817254
21840375
21844576
21844577
21887179
21888494
21900719
21908319
22020907
22046459
22056710
22359980
22419772
22431243
22493811
22537443
22567609
22589918
22609617
22702055
22796548
22873798
22910685
22959079
22996376
23118924
23171610
23205979
23265313
23265594
23289281
23401839
23401840
23424603
23471572
23557835
23615409
23701465
23771716
23842445
23927567
23965037
24068492
24094653
24094654
24096228
24128274
24140059
24221739
24294108
24311372
24317029
24435369
24530661
24611934
24623598
24668830
25109950
25236056
25262697
25290459
25343280
25551951
25578802
25769732
25773409
25833572
25880422
25955164
26022485
26082229
26084285
26185991
26202165
26205777
26378150
26412047
26495087
26566878
26725158
26902560
26931058
27053506
27125110
27132350
27174286
27288416
27324313
27618634
27671321
27744077
27770341
27911549
27911550
27927359
27967615
28003512
28106077
28121403
28143906
28279543
28357177
28358902
28470714
28546905
28563545
28566710
28596933
28649820
28725004
28933734
29155212
29172562
29228529
